K0		1		14		21.0		1		8		0
K1		1		14		21.0		2		8		1
K2		1		14		21.0		3		8		0
K3		0		14		21.0		22:40		6		1
K4		0		14		21.0		14:10		1		1
K5		0		14		21.0		9:35		8		0
K6		0		14		21.0		23:42		4		1
K7		0		14		21.0		12:21		2		0
K8		0		14		21.0		11:20		4		0
K9		0		14		21.0		12:24		3		1
K10		0		14		21.0		19:56		3		0
K11		0		14		21.0		13:14		3		0
K12		0		14		21.0		17:47		3		0
K13		0		14		21.0		22:58		4		1
K14		0		14		21.0		14:23		2		1
K15		0		14		21.0		22:42		3		1
K16		0		14		21.0		11:5		1		1
K17		0		14		21.0		9:16		7		0
K18		0		14		21.0		11:36		6		0
K19		0		14		21.0		21:58		1		0
K20		0		14		21.0		12:29		7		1
K21		0		14		21.0		17:7		3		1
K22		0		14		21.0		18:48		10		0
K23		0		14		21.0		15:52		6		0
K24		0		14		21.0		10:59		5		1
